1111111111111111111111111111111
1000000011011011001100100000001
1011111010110011000011101111101
1010001010000011110010101000101
1010001011000100000001101000101
1010001010111111000111101000101
1011111010010111010001101111101
1000000010101010101010100000001
1111111110011010100000111111111
1001011001101101111100100010011
1000100101100100101100100100111
1011010001001100110001111111011
1010010110111100101010100010111
1101111010111001110111001101111
1110101101000001110001011110001
1011011011111001100111111110001
1000111111011000000000101011111
1111111001010110100100110001111
1001101111101101101011100111011
1101101010101110111011100011001
1000111111100111100110000111011
1100010000110010111010000000011
1111111110100010110010111011011
1000000010000001101010101000011
1011111011100001111010111010001
1010001011000110100110000000111
1010001010010101111100101000011
1010001011000100110110000000101
1011111010100111100000100111011
1000000010111001001110000101011
1111111111111111111111111111111